1434	s	1394	1435	1474	1433
1362	s	1322	1363	1402	1361
1408	ƒ	1368	1409	1448	1407
1385	ø	1345	1386	1425	1384
495	 	455	496	535	494
498	s	458	499	538	497
747	T	707	748	787	746
1400	ƒ	1360	1401	1440	VUOTO
1374	!	1334	1375	1414	1373
833	ø	793	834	873	832
449	ø	409	450	489	448
1473	ø	1433	1474	1513	1472
105	ø	65	106	145	104
1263	 	1223	1264	1303	1262
1142	!	1102	1143	1182	1141
1030	!	990	1031	1070	1029
1991	 	1951	1992	VUOTO	1990
1468	3	1428	1469	1508	1467
881	ø	841	882	921	880
549	r	509	550	589	548
1731	T	1691	1732	1771	1730
659	T	619	660	699	658
1121	ø	1081	1122	1161	1120
86	!	46	87	126	85
1109	r	1069	1110	1149	1108
921	ø	881	922	961	920
771	T	731	772	811	770
187	T	147	188	227	186
676	3	636	677	716	675
1063	 	1023	1064	1103	1062
1082	s	1042	1083	1122	1081
491	T	451	492	531	490
1308	3	1268	1309	1348	1307
938	s	898	939	978	937
504	ƒ	464	505	544	503
7	 	VUOTO	8	47	6
1640	ƒ	1600	1641	1680	VUOTO
121	ø	81	122	161	120
1060	3	1020	1061	1100	1059
1800	ƒ	1760	1801	1840	VUOTO
724	3	684	725	764	723
1980	3	1940	1981	VUOTO	1979
980	3	940	981	1020	979
565	r	525	566	605	564
1009	ø	969	1010	1049	1008
637	r	597	638	677	636
163	T	123	164	203	162
142	!	102	143	182	141
574	!	534	575	614	573
1344	ƒ	1304	1345	1384	1343
961	ø	921	962	1001	960
1320	ƒ	1280	1321	1360	VUOTO
663	 	623	664	703	662
148	3	108	149	188	147
1028	3	988	1029	1068	1027
89	ø	49	90	129	88
607	 	567	608	647	606
761	ø	721	762	801	760
665	ø	625	666	705	664
748	3	708	749	788	747
125	r	85	126	165	124
364	3	324	365	404	363
1977	ø	1937	1978	VUOTO	1976
69	r	29	70	109	68
1206	!	1166	1207	1246	1205
109	r	69	110	149	108
143	 	103	144	183	142
1617	ø	1577	1618	1657	1616
1988	3	1948	1989	VUOTO	1987
630	!	590	631	670	629
310	!	270	311	350	309
1986	s	1946	1987	VUOTO	1985
1576	ƒ	1536	1577	1616	1575
1551	 	1511	1552	1591	1550
1990	!	1950	1991	VUOTO	1989
1178	s	1138	1179	1218	1177
140	3	100	141	180	139
201	ø	161	202	241	200
1591	 	1551	1592	1631	1590
1088	ƒ	1048	1089	1128	1087
554	s	514	555	594	553
1668	3	1628	1669	1708	1667
1255	 	1215	1256	1295	1254
263	 	223	264	303	262
309	r	269	310	349	308
687	 	647	688	727	686
1667	T	1627	1668	1707	1666
701	r	661	702	741	700
303	 	263	304	343	302
1877	r	1837	1878	1917	1876
1403	T	1363	1404	1443	1402
1480	ƒ	1440	1481	1520	VUOTO
965	r	925	966	1005	964
589	r	549	590	629	588
1247	 	1207	1248	1287	1246
1950	!	1910	1951	1990	1949
1784	ƒ	1744	1785	1824	1783
894	!	854	895	934	893
883	T	843	884	923	882
1717	r	1677	1718	1757	1716
490	s	450	491	530	489
1943	 	1903	1944	1983	1942
1728	ƒ	1688	1729	1768	1727
78	!	38	79	118	77
719	 	679	VUOTO	759	718
1811	T	1771	1812	1851	1810
544	ƒ	504	545	584	543
834	s	794	835	874	833
386	s	346	387	426	385
98	s	58	99	138	97
945	ø	905	946	985	944
1637	r	1597	1638	1677	1636
587	T	547	588	627	586
1974	!	1934	1975	VUOTO	1973
1229	r	1189	1230	1269	1228
249	ø	209	250	289	248
1001	ø	961	1002	1041	1000
1751	 	1711	1752	1791	1750
254	!	214	255	294	253
925	r	885	926	965	924
698	s	658	699	738	697
1399	 	1359	VUOTO	1439	1398
292	3	252	293	332	291
1525	r	1485	1526	1565	1524
1252	3	1212	1253	1292	1251
270	!	230	271	310	269
1351	 	1311	1352	1391	1350
1026	s	986	1027	1066	1025
1412	3	1372	1413	1452	1411
591	 	551	592	631	590
1798	!	1758	1799	1838	1797
50	s	10	51	90	49
1010	s	970	1011	1050	1009
795	T	755	796	835	794
1982	!	1942	1983	VUOTO	1981
605	r	565	606	645	604
461	r	421	462	501	460
1172	3	1132	1173	1212	1171
1682	s	1642	1683	1722	1681
1846	!	1806	1847	1886	1845
1512	ƒ	1472	1513	1552	1511
683	T	643	684	723	682
1452	3	1412	1453	1492	1451
1177	ø	1137	1178	1217	1176
610	s	570	611	650	609
1895	 	1855	1896	1935	1894
1235	T	1195	1236	1275	1234
696	ƒ	656	697	736	695
874	s	834	875	914	873
831	 	791	832	871	830
1647	 	1607	1648	1687	1646
1124	3	1084	1125	1164	1123
711	 	671	712	751	710
1086	!	1046	1087	1126	1085
1104	ƒ	1064	1105	1144	1103
345	ø	305	346	385	344
1202	s	1162	1203	1242	1201
1391	 	1351	1392	1431	1390
1650	s	1610	1651	1690	1649
796	3	756	797	836	795
347	T	307	348	387	346
582	!	542	583	622	581
3	T	VUOTO	4	43	2
1546	s	1506	1547	1586	1545
1827	T	1787	1828	1867	1826
930	s	890	931	970	929
372	3	332	373	412	371
1533	r	1493	1534	1573	1532
746	s	706	747	786	745
1734	!	1694	1735	1774	1733
620	3	580	621	660	619
875	T	835	876	915	874
893	r	853	894	933	892
1239	 	1199	VUOTO	1279	1238
1860	3	1820	1861	1900	1859
1692	3	1652	1693	1732	1691
366	!	326	367	406	365
165	r	125	166	205	164
661	r	621	662	701	660
730	s	690	731	770	729
640	ƒ	600	641	680	VUOTO
1543	 	1503	1544	1583	1542
1199	 	1159	VUOTO	1239	1198
1336	ƒ	1296	1337	1376	1335
705	ø	665	706	745	704
1806	!	1766	1807	1846	1805
1474	s	1434	1475	1514	1473
66	s	26	67	106	65
238	!	198	239	278	237
998	!	958	999	1038	997
510	!	470	511	550	509
397	r	357	398	437	396
1184	ƒ	1144	1185	1224	1183
178	s	138	179	218	177
1479	 	1439	VUOTO	1519	1478
1200	ƒ	1160	1201	1240	VUOTO
1810	s	1770	1811	1850	1809
606	!	566	607	646	605
194	s	154	195	234	193
1563	T	1523	1564	1603	1562
1442	s	1402	1443	1482	1441
1174	!	1134	1175	1214	1173
97	ø	57	98	137	96
1323	T	1283	1324	1363	1322
82	s	42	83	122	81
878	!	838	879	918	877
484	3	444	485	524	483
1685	r	1645	1686	1725	1684
1975	 	1935	1976	VUOTO	1974
211	T	171	212	251	210
1196	3	1156	1197	1236	1195
151	 	111	152	191	150
85	r	45	86	125	84
929	ø	889	930	969	928
1518	!	1478	1519	1558	1517
602	s	562	603	642	601
407	 	367	408	447	406
1888	ƒ	1848	1889	1928	1887
1940	3	1900	1941	1980	1939
1871	 	1831	1872	1911	1870
1023	 	983	1024	1063	1022
1922	s	1882	1923	1962	1921
1052	3	1012	1053	1092	1051
54	!	14	55	94	53
933	r	893	934	973	932
707	T	667	708	747	706
1600	ƒ	1560	1601	1640	VUOTO
1433	ø	1393	1434	1473	1432
1959	 	1919	VUOTO	1999	1958
1865	ø	1825	1866	1905	1864
1593	ø	1553	1594	1633	1592
1017	ø	977	1018	1057	1016
1514	s	1474	1515	1554	1513
1301	r	1261	1302	1341	1300
1018	s	978	1019	1058	1017
1557	r	1517	1558	1597	1556
1754	s	1714	1755	1794	1753
1744	ƒ	1704	1745	1784	1743
443	T	403	444	483	442
911	 	871	912	951	910
133	r	93	134	173	132
177	ø	137	178	217	176
1602	s	1562	1603	1642	1601
55	 	15	56	95	54
1919	 	1879	VUOTO	1959	1918
1714	s	1674	1715	1754	1713
1150	!	1110	1151	1190	1149
1006	!	966	1007	1046	1005
1076	3	1036	1077	1116	1075
523	T	483	524	563	522
527	 	487	528	567	526
131	T	91	132	171	130
552	ƒ	512	553	592	551
635	T	595	636	675	634
1537	ø	1497	1538	1577	1536
252	3	212	253	292	251
786	s	746	787	826	785
150	!	110	151	190	149
1192	ƒ	1152	1193	1232	1191
625	ø	585	626	665	624
622	!	582	623	662	621
1231	 	1191	1232	1271	1230
646	!	606	647	686	645
27	T	VUOTO	28	67	26
768	ƒ	728	769	808	767
1555	T	1515	1556	1595	1554
505	ø	465	506	545	504
1597	r	1557	1598	1637	1596
968	ƒ	928	969	1008	967
1300	3	1260	1301	1340	1299
1069	r	1029	1070	1109	1068
52	3	12	53	92	51
914	s	874	915	954	913
1297	ø	1257	1298	1337	1296
164	3	124	165	204	163
496	ƒ	456	497	536	495
358	!	318	359	398	357
451	T	411	452	491	450
595	T	555	596	635	594
619	T	579	620	659	618
375	 	335	376	415	374
1786	s	1746	1787	1826	1785
1361	ø	1321	1362	1401	1360
682	s	642	683	722	681
1713	ø	1673	1714	1753	1712
57	ø	17	58	97	56
1693	r	1653	1694	1733	1692
325	r	285	326	365	324
824	ƒ	784	825	864	823
1740	3	1700	1741	1780	1739
503	 	463	504	543	502
1618	s	1578	1619	1658	1617
993	ø	953	994	1033	992
339	T	299	340	379	338
555	T	515	556	595	554
1804	3	1764	1805	1844	1803
1887	 	1847	1888	1927	1886
1524	3	1484	1525	1564	1523
1204	3	1164	1205	1244	1203
257	ø	217	258	297	256
1394	s	1354	1395	1434	1393
522	s	482	523	562	521
884	3	844	885	924	883
1836	3	1796	1837	1876	1835
456	ƒ	416	457	496	455
1251	T	1211	1252	1291	1250
688	ƒ	648	689	728	687
767	 	727	768	807	766
916	3	876	917	956	915
1181	r	1141	1182	1221	1180
1436	3	1396	1437	1476	1435
1287	 	1247	1288	1327	1286
1381	r	1341	1382	1421	1380
1317	r	1277	1318	1357	1316
1401	ø	1361	1402	1441	1400
1642	s	1602	1643	1682	1641
1358	!	1318	1359	1398	1357
1701	r	1661	1702	1741	1700
799	 	759	VUOTO	839	798
1550	!	1510	1551	1590	1549
183	 	143	184	223	182
1610	s	1570	1611	1650	1609
1777	ø	1737	1778	1817	1776
1567	 	1527	1568	1607	1566
1490	s	1450	1491	1530	1489
262	!	222	263	302	261
323	T	283	324	363	322
1965	r	1925	1966	VUOTO	1964
1055	 	1015	1056	1095	1054
1373	r	1333	1374	1413	1372
935	 	895	936	975	934
1431	 	1391	1432	1471	1430
790	!	750	791	830	789
1612	3	1572	1613	1652	1611
1079	 	1039	VUOTO	1119	1078
473	ø	433	474	513	472
1321	ø	1281	1322	1361	1320
1475	T	1435	1476	1515	1474
1879	 	1839	VUOTO	1919	1878
901	r	861	902	941	900
382	!	342	383	422	381
1630	!	1590	1631	1670	1629
1844	3	1804	1845	1884	1843
1034	s	994	1035	1074	1033
1149	r	1109	1150	1189	1148
1221	r	1181	1222	1261	1220
1193	ø	1153	1194	1233	1192
1342	!	1302	1343	1382	1341
1123	T	1083	1124	1163	1122
1047	 	1007	1048	1087	1046
1136	ƒ	1096	1137	1176	1135
752	ƒ	712	753	792	751
919	 	879	VUOTO	959	918
65	ø	25	66	105	64
1670	!	1630	1671	1710	1669
156	3	116	157	196	155
1933	r	1893	1934	1973	1932
1343	 	1303	1344	1383	1342
228	3	188	229	268	227
492	3	452	493	532	491
333	r	293	334	373	332
1835	T	1795	1836	1875	1834
1903	 	1863	1904	1943	1902
29	r	VUOTO	30	69	28
1741	r	1701	1742	1781	1740
1605	r	1565	1606	1645	1604
1155	T	1115	1156	1195	1154
982	!	942	983	1022	981
566	!	526	567	606	565
1316	3	1276	1317	1356	1315
1973	r	1933	1974	VUOTO	1972
13	r	VUOTO	14	53	12
1158	!	1118	1159	1198	1157
373	r	333	374	413	372
155	T	115	156	195	154
770	s	730	771	810	769
736	ƒ	696	737	776	735
697	ø	657	698	737	696
470	!	430	471	510	469
1729	ø	1689	1730	1769	1728
1540	3	1500	1541	1580	1539
704	ƒ	664	705	744	703
801	ø	761	802	841	800
1746	s	1706	1747	1786	1745
1851	T	1811	1852	1891	1850
995	T	955	996	1035	994
1268	3	1228	1269	1308	1267
641	ø	601	642	681	640
1825	ø	1785	1826	1865	1824
1108	3	1068	1109	1148	1107
1696	ƒ	1656	1697	1736	1695
38	!	VUOTO	39	78	37
1096	ƒ	1056	1097	1136	1095
1113	ø	1073	1114	1153	1112
160	ƒ	120	161	200	VUOTO
559	 	519	VUOTO	599	558
1161	ø	1121	1162	1201	1160
293	r	253	294	333	292
1862	!	1822	1863	1902	1861
1404	3	1364	1405	1444	1403
1486	!	1446	1487	1526	1485
1288	ƒ	1248	1289	1328	1287
1906	s	1866	1907	1946	1905
1366	!	1326	1367	1406	1365
37	r	VUOTO	38	77	36
1646	!	1606	1647	1686	1645
182	!	142	183	222	181
1929	ø	1889	1930	1969	1928
1272	ƒ	1232	1273	1312	1271
40	ƒ	0	41	80	VUOTO
1021	r	981	1022	1061	1020
551	 	511	552	591	550
1527	 	1487	1528	1567	1526
720	ƒ	680	721	760	VUOTO
1205	r	1165	1206	1245	1204
1792	ƒ	1752	1793	1832	1791
379	T	339	380	419	378
1700	3	1660	1701	1740	1699
912	ƒ	872	913	952	911
1952	ƒ	1912	1953	1992	1951
1110	!	1070	1111	1150	1109
548	3	508	549	588	547
662	!	622	663	702	661
72	ƒ	32	73	112	71
427	T	387	428	467	426
741	r	701	742	781	740
895	 	855	896	935	894
668	3	628	669	708	667
24	ƒ	VUOTO	25	64	23
1075	T	1035	1076	1115	1074
869	r	829	870	909	868
797	r	757	798	837	796
1031	 	991	1032	1071	1030
1966	!	1926	1967	VUOTO	1965
101	r	61	102	141	100
1716	3	1676	1717	1756	1715
394	s	354	395	434	393
145	ø	105	146	185	144
955	T	915	956	995	954
633	ø	593	634	673	632
964	3	924	965	1004	963
1164	3	1124	1165	1204	1163
1363	T	1323	1364	1403	1362
1601	ø	1561	1602	1641	1600
1575	 	1535	1576	1615	1574
1346	s	1306	1347	1386	1345
1541	r	1501	1542	1581	1540
915	T	875	916	955	914
1097	ø	1057	1098	1137	1096
99	T	59	100	139	98
311	 	271	312	351	310
1059	T	1019	1060	1099	1058
1144	ƒ	1104	1145	1184	1143
207	 	167	208	247	206
1500	3	1460	1501	1540	1499
508	3	468	509	548	507
488	ƒ	448	489	528	487
937	ø	897	938	977	936
969	ø	929	970	1009	968
712	ƒ	672	713	752	711
516	3	476	517	556	515
1706	s	1666	1707	1746	1705
433	ø	393	434	473	432
1927	 	1887	1928	1967	1926
826	s	786	827	866	825
1916	3	1876	1917	1956	1915
1841	ø	1801	1842	1881	1840
367	 	327	368	407	366
1095	 	1055	1096	1135	1094
1666	s	1626	1667	1706	1665
1834	s	1794	1835	1874	1833
778	s	738	779	818	777
1909	r	1869	1910	1949	1908
1128	ƒ	1088	1129	1168	1127
567	 	527	568	607	566
1487	 	1447	1488	1527	1486
341	r	301	342	381	340
764	3	724	765	804	763
1337	ø	1297	1338	1377	1336
1417	ø	1377	1418	1457	1416
1870	!	1830	1871	1910	1869
8	ƒ	VUOTO	9	48	7
1891	T	1851	1892	1931	1890
1388	3	1348	1389	1428	1387
285	r	245	286	325	284
418	s	378	419	458	417
987	T	947	988	1027	986
989	r	949	990	1029	988
196	3	156	197	236	195
301	r	261	302	341	300
1283	T	1243	1284	1323	1282
842	s	802	843	882	841
1863	 	1823	1864	1903	1862
110	!	70	111	150	109
472	ƒ	432	473	512	471
1778	s	1738	1779	1818	1777
802	s	762	803	842	801
954	s	914	955	994	953
1045	r	1005	1046	1085	1044
1503	 	1463	1504	1543	1502
1960	ƒ	1920	1961	VUOTO	VUOTO
1450	s	1410	1451	1490	1449
1041	ø	1001	1042	1081	1040
1759	 	1719	VUOTO	1799	1758
416	ƒ	376	417	456	415
1571	T	1531	1572	1611	1570
1812	3	1772	1813	1852	1811
727	 	687	728	767	726
420	3	380	421	460	419
31	 	VUOTO	32	71	30
284	3	244	285	324	283
1294	!	1254	1295	1334	1293
127	 	87	128	167	126
877	r	837	878	917	876
0	ƒ	VUOTO	1	40	VUOTO
1183	 	1143	1184	1223	1182
1504	ƒ	1464	1505	1544	1503
430	!	390	431	470	429
816	ƒ	776	817	856	815
691	T	651	692	731	690
780	3	740	781	820	779
213	r	173	214	253	212
1331	T	1291	1332	1371	1330
346	s	306	347	386	345
1848	ƒ	1808	1849	1888	1847
1762	s	1722	1763	1802	1761
506	s	466	507	546	505
1441	ø	1401	1442	1481	1440
974	!	934	975	1014	973
600	ƒ	560	601	640	VUOTO
732	3	692	733	772	731
680	ƒ	640	681	720	VUOTO
1296	ƒ	1256	1297	1336	1295
1709	r	1669	1710	1749	1708
1469	r	1429	1470	1509	1468
528	ƒ	488	529	568	527
818	s	778	819	858	817
1775	 	1735	1776	1815	1774
694	!	654	695	734	693
678	!	638	679	718	677
188	3	148	189	228	187
850	s	810	851	890	849
107	T	67	108	147	106
1985	ø	1945	1986	VUOTO	1984
1788	3	1748	1789	1828	1787
152	ƒ	112	153	192	151
317	r	277	318	357	316
990	!	950	991	1030	989
1931	T	1891	1932	1971	1930
247	 	207	248	287	246
1269	r	1229	1270	1309	1268
136	ƒ	96	137	176	135
1925	r	1885	1926	1965	1924
340	3	300	341	380	339
623	 	583	624	663	622
359	 	319	VUOTO	399	358
296	ƒ	256	297	336	295
942	!	902	943	982	941
1661	r	1621	1662	1701	1660
476	3	436	477	516	475
658	s	618	659	698	657
1653	r	1613	1654	1693	1652
243	T	203	244	283	242
1516	3	1476	1517	1556	1515
1691	T	1651	1692	1731	1690
1416	ƒ	1376	1417	1456	1415
1371	T	1331	1372	1411	1370
1616	ƒ	1576	1617	1656	1615
1425	ø	1385	1426	1465	1424
124	3	84	125	164	123
1281	ø	1241	1282	1321	1280
1628	3	1588	1629	1668	1627
1223	 	1183	1224	1263	1222
1580	3	1540	1581	1620	1579
655	 	615	656	695	654
299	T	259	300	339	298
564	3	524	565	604	563
1003	T	963	1004	1043	1002
80	ƒ	40	81	120	VUOTO
529	ø	489	530	569	528
654	!	614	655	694	653
189	r	149	190	229	188
383	 	343	384	423	382
1447	 	1407	1448	1487	1446
1513	ø	1473	1514	1553	1512
1607	 	1567	1608	1647	1606
772	3	732	773	812	771
896	ƒ	856	897	936	895
115	T	75	116	155	114
550	!	510	551	590	549
1984	ƒ	1944	1985	VUOTO	1983
1779	T	1739	1780	1819	1778
716	3	676	717	756	715
1427	T	1387	1428	1467	1426
76	3	36	77	116	75
18	s	VUOTO	19	58	17
1770	s	1730	1771	1810	1769
471	 	431	472	511	470
1554	s	1514	1555	1594	1553
334	!	294	335	374	333
1832	ƒ	1792	1833	1872	1831
1738	s	1698	1739	1778	1737
1313	ø	1273	1314	1353	1312
769	ø	729	770	809	768
908	3	868	909	948	907
405	r	365	406	445	404
798	!	758	799	838	797
1227	T	1187	1228	1267	1226
1634	s	1594	1635	1674	1633
621	r	581	622	661	620
579	T	539	580	619	578
1578	s	1538	1579	1618	1577
1702	!	1662	1703	1742	1701
273	ø	233	274	313	272
1214	!	1174	1215	1254	1213
43	T	3	44	83	42
1936	ƒ	1896	1937	1976	1935
1569	ø	1529	1570	1609	1568
1217	ø	1177	1218	1257	1216
320	ƒ	280	321	360	VUOTO
1817	ø	1777	1818	1857	1816
139	T	99	140	179	138
1421	r	1381	1422	1461	1420
95	 	55	96	135	94
1176	ƒ	1136	1177	1216	1175
1681	ø	1641	1682	1721	1680
808	ƒ	768	809	848	807
562	s	522	563	602	561
762	s	722	763	802	761
1763	T	1723	1764	1803	1762
1621	r	1581	1622	1661	1620
1387	T	1347	1388	1427	1386
1799	 	1759	VUOTO	1839	1798
1684	3	1644	1685	1724	1683
1590	!	1550	1591	1630	1589
657	ø	617	658	697	656
2	s	VUOTO	3	42	1
986	s	946	987	1026	985
1857	ø	1817	1858	1897	1856
1758	!	1718	1759	1798	1757
774	!	734	775	814	773
308	3	268	309	348	307
537	ø	497	538	577	536
1422	!	1382	1423	1462	1421
1054	!	1014	1055	1094	1053
946	s	906	947	986	945
1234	s	1194	1235	1274	1233
891	T	851	892	931	890
321	ø	281	322	361	320
1695	 	1655	1696	1735	1694
928	ƒ	888	929	968	927
664	ƒ	624	665	704	663
481	ø	441	482	521	480
1289	ø	1249	1290	1329	1288
546	s	506	547	586	545
953	ø	913	954	993	952
267	T	227	268	307	266
1080	ƒ	1040	1081	1120	VUOTO
184	ƒ	144	185	224	183
423	 	383	424	463	422
312	ƒ	272	313	352	311
667	T	627	668	707	666
200	ƒ	160	201	240	VUOTO
592	ƒ	552	593	632	591
642	s	602	643	682	641
414	!	374	415	454	413
910	!	870	911	950	909
277	r	237	278	317	276
1672	ƒ	1632	1673	1712	1671
42	s	2	43	82	41
1838	!	1798	1839	1878	1837
1103	 	1063	1104	1143	1102
952	ƒ	912	953	992	951
793	ø	753	794	833	792
553	ø	513	554	593	552
374	!	334	375	414	373
1654	!	1614	1655	1694	1653
511	 	471	512	551	510
1073	ø	1033	1074	1113	1072
616	ƒ	576	617	656	615
499	T	459	500	539	498
648	ƒ	608	649	688	647
1106	s	1066	1107	1146	1105
1147	T	1107	1148	1187	1146
448	ƒ	408	449	488	447
469	r	429	470	509	468
862	!	822	863	902	861
756	3	716	757	796	755
246	!	206	247	286	245
149	r	109	150	189	148
699	T	659	700	739	698
1215	 	1175	1216	1255	1214
1849	ø	1809	1850	1889	1848
1910	!	1870	1911	1950	1909
843	T	803	844	883	842
1631	 	1591	1632	1671	1630
1345	ø	1305	1346	1385	1344
1793	ø	1753	1794	1833	1792
404	3	364	405	444	403
113	ø	73	114	153	112
870	!	830	871	910	869
1878	!	1838	1879	1918	1877
335	 	295	336	375	334
343	 	303	344	383	342
1896	ƒ	1856	1897	1936	1895
1389	r	1349	1390	1429	1388
1534	!	1494	1535	1574	1533
363	T	323	364	403	362
261	r	221	262	301	260
166	!	126	167	206	165
950	!	910	951	990	949
1494	!	1454	1495	1534	1493
369	ø	329	370	409	368
1212	3	1172	1213	1252	1211
232	ƒ	192	233	272	231
1071	 	1031	1072	1111	1070
586	s	546	587	626	585
1659	T	1619	1660	1699	1658
804	3	764	805	844	803
1958	!	1918	1959	1998	1957
20	3	VUOTO	21	60	19
1238	!	1198	1239	1278	1237
543	 	503	544	583	542
618	s	578	619	658	617
1820	3	1780	1821	1860	1819
1505	ø	1465	1506	1545	1504
1497	ø	1457	1498	1537	1496
794	s	754	795	834	793
1437	r	1397	1438	1477	1436
1098	s	1058	1099	1138	1097
1665	ø	1625	1666	1705	1664
609	ø	569	610	649	608
1151	 	1111	1152	1191	1150
926	!	886	927	966	925
1589	r	1549	1590	1629	1588
922	s	882	923	962	921
402	s	362	403	442	401
1941	r	1901	1942	1981	1940
541	r	501	542	581	540
1861	r	1821	1862	1901	1860
1564	3	1524	1565	1604	1563
975	 	935	976	1015	974
1439	 	1399	VUOTO	1479	1438
734	!	694	735	774	733
84	3	44	85	124	83
709	r	669	710	749	708
859	T	819	860	899	858
1539	T	1499	1540	1579	1538
409	ø	369	410	449	408
1712	ƒ	1672	1713	1752	1711
218	s	178	219	258	217
560	ƒ	520	561	600	VUOTO
128	ƒ	88	129	168	127
119	 	79	VUOTO	159	118
879	 	839	VUOTO	919	878
281	ø	241	282	321	280
695	 	655	696	735	694
289	ø	249	290	329	288
176	ƒ	136	177	216	175
1508	3	1468	1509	1548	1507
839	 	799	VUOTO	879	838
1290	s	1250	1291	1330	1289
677	r	637	678	717	676
1992	ƒ	1952	1993	VUOTO	1991
353	ø	313	354	393	352
1859	T	1819	1860	1899	1858
671	 	631	672	711	670
905	ø	865	906	945	904
282	s	242	283	322	281
1722	s	1682	1723	1762	1721
807	 	767	808	847	806
348	3	308	349	388	347
738	s	698	739	778	737
237	r	197	238	277	236
1273	ø	1233	1274	1313	1272
167	 	127	168	207	166
1397	r	1357	1398	1437	1396
851	T	811	852	891	850
111	 	71	112	151	110
656	ƒ	616	657	696	655
1719	 	1679	VUOTO	1759	1718
1907	T	1867	1908	1947	1906
193	ø	153	194	233	192
1140	3	1100	1141	1180	1139
1969	ø	1929	1970	VUOTO	1968
530	s	490	531	570	529
536	ƒ	496	537	576	535
398	!	358	399	438	397
365	r	325	366	405	364
588	3	548	589	628	587
1016	ƒ	976	1017	1056	1015
377	ø	337	378	417	376
830	!	790	831	870	829
1902	!	1862	1903	1942	1901
944	ƒ	904	945	984	943
1765	r	1725	1766	1805	1764
853	r	813	854	893	852
39	 	VUOTO	VUOTO	79	38
1892	3	1852	1893	1932	1891
1611	T	1571	1612	1651	1610
1772	3	1732	1773	1812	1771
378	s	338	379	418	377
1443	T	1403	1444	1483	1442
1435	T	1395	1436	1475	1434
1237	r	1197	1238	1277	1236
1622	!	1582	1623	1662	1621
169	ø	129	170	209	168
1090	s	1050	1091	1130	1089
819	T	779	820	859	818
463	 	423	464	503	462
1585	ø	1545	1586	1625	1584
1483	T	1443	1484	1523	1482
1328	ƒ	1288	1329	1368	1327
1270	!	1230	1271	1310	1269
297	ø	257	298	337	296
1603	T	1563	1604	1643	1602
1583	 	1543	1584	1623	1582
669	r	629	670	709	668
653	r	613	654	693	652
803	T	763	804	843	802
415	 	375	416	455	414
1111	 	1071	1112	1151	1110
1510	!	1470	1511	1550	1509
1847	 	1807	1848	1887	1846
1782	!	1742	1783	1822	1781
1937	ø	1897	1938	1977	1936
1562	s	1522	1563	1602	1561
337	ø	297	338	377	336
234	s	194	235	274	233
1596	3	1556	1597	1636	1595
994	s	954	995	1034	993
612	3	572	613	652	611
230	!	190	231	270	229
615	 	575	616	655	614
860	3	820	861	900	859
126	!	86	127	166	125
1152	ƒ	1112	1153	1192	1151
180	3	140	181	220	179
497	ø	457	498	537	496
534	!	494	535	574	533
387	T	347	388	427	386
1522	s	1482	1523	1562	1521
936	ƒ	896	937	976	935
524	3	484	525	564	523
542	!	502	543	582	541
479	 	439	VUOTO	519	478
274	s	234	275	314	273
1489	ø	1449	1490	1529	1488
307	T	267	308	347	306
1102	!	1062	1103	1142	1101
1699	T	1659	1700	1739	1698
1970	s	1930	1971	VUOTO	1969
583	 	543	584	623	582
1750	!	1710	1751	1790	1749
1624	ƒ	1584	1625	1664	1623
1053	r	1013	1054	1093	1052
992	ƒ	952	993	1032	991
1179	T	1139	1180	1219	1178
1246	!	1206	1247	1286	1245
1858	s	1818	1859	1898	1857
118	!	78	119	158	117
1157	r	1117	1158	1197	1156
1232	ƒ	1192	1233	1272	1231
1148	3	1108	1149	1188	1147
1259	T	1219	1260	1299	1258
561	ø	521	562	601	560
412	3	372	413	452	411
1032	ƒ	992	1033	1072	1031
1657	ø	1617	1658	1697	1656
1856	ƒ	1816	1857	1896	1855
1574	!	1534	1575	1614	1573
132	3	92	133	172	131
1370	s	1330	1371	1410	1369
225	ø	185	226	265	224
203	T	163	204	243	202
1119	 	1079	VUOTO	1159	1118
865	ø	825	866	905	864
275	T	235	276	315	274
672	ƒ	632	673	712	671
532	3	492	533	572	531
617	ø	577	618	657	616
1413	r	1373	1414	1453	1412
1169	ø	1129	1170	1209	1168
1842	s	1802	1843	1882	1841
419	T	379	420	459	418
161	ø	121	162	201	160
520	ƒ	480	521	560	VUOTO
1220	3	1180	1221	1260	1219
357	r	317	358	397	356
192	ƒ	152	193	232	191
123	T	83	124	163	122
1915	T	1875	1916	1955	1914
1092	3	1052	1093	1132	1091
1070	!	1030	1071	1110	1069
385	ø	345	386	425	384
1286	!	1246	1287	1326	1285
1375	 	1335	1376	1415	1374
1749	r	1709	1750	1789	1748
290	s	250	291	330	289
1335	 	1295	1336	1375	1334
1914	s	1874	1915	1954	1913
195	T	155	196	235	194
403	T	363	404	443	402
103	 	63	104	143	102
608	ƒ	568	609	648	607
1423	 	1383	1424	1463	1422
75	T	35	76	115	74
1721	ø	1681	1722	1761	1720
1378	s	1338	1379	1418	1377
1869	r	1829	1870	1909	1868
852	3	812	853	892	851
300	3	260	301	340	299
1454	!	1414	1455	1494	1453
45	r	5	46	85	44
494	!	454	495	534	493
899	T	859	900	939	898
1917	r	1877	1918	1957	1916
241	ø	201	242	281	240
1614	!	1574	1615	1654	1613
755	T	715	756	795	754
216	ƒ	176	217	256	215
315	T	275	316	355	314
829	r	789	830	869	828
959	 	919	VUOTO	999	958
951	 	911	952	991	950
354	s	314	355	394	353
1146	s	1106	1147	1186	1145
718	!	678	719	758	717
63	 	23	64	103	62
360	ƒ	320	361	400	VUOTO
1683	T	1643	1684	1723	1682
1484	3	1444	1485	1524	1483
876	3	836	877	916	875
728	ƒ	688	729	768	727
1163	T	1123	1164	1203	1162
1899	T	1859	1900	1939	1898
324	3	284	325	364	323
809	ø	769	810	849	808
1348	3	1308	1349	1388	1347
679	 	639	VUOTO	719	678
1955	T	1915	1956	1995	1954
269	r	229	270	309	268
1807	 	1767	1808	1847	1806
1458	s	1418	1459	1498	1457
1243	T	1203	1244	1283	1242
1357	r	1317	1358	1397	1356
1638	!	1598	1639	1678	1637
825	ø	785	826	865	824
1898	s	1858	1899	1938	1897
214	!	174	215	254	213
1078	!	1038	1079	1118	1077
643	T	603	644	683	642
408	ƒ	368	409	448	407
1033	ø	993	1034	1073	1032
401	ø	361	402	441	400
1236	3	1196	1237	1276	1235
556	3	516	557	596	555
239	 	199	VUOTO	279	238
1649	ø	1609	1650	1689	1648
1805	r	1765	1806	1845	1804
453	r	413	454	493	452
1787	T	1747	1788	1827	1786
1586	s	1546	1587	1626	1585
1377	ø	1337	1378	1417	1376
1036	3	996	1037	1076	1035
690	s	650	691	730	689
1226	s	1186	1227	1266	1225
1170	s	1130	1171	1210	1169
157	r	117	158	197	156
1867	T	1827	1868	1907	1866
1382	!	1342	1383	1422	1381
1307	T	1267	1308	1347	1306
1145	ø	1105	1146	1185	1144
717	r	677	718	757	716
1938	s	1898	1939	1978	1937
1485	r	1445	1486	1525	1484
1159	 	1119	VUOTO	1199	1158
739	T	699	740	779	738
970	s	930	971	1010	969
1464	ƒ	1424	1465	1504	1463
204	3	164	205	244	203
1815	 	1775	1816	1855	1814
500	3	460	501	540	499
906	s	866	907	946	905
1143	 	1103	1144	1183	1142
594	s	554	595	634	593
1930	s	1890	1931	1970	1929
1372	3	1332	1373	1412	1371
191	 	151	192	231	190
1083	T	1043	1084	1123	1082
1627	T	1587	1628	1667	1626
1262	!	1222	1263	1302	1261
958	!	918	959	998	957
1833	ø	1793	1834	1873	1832
1311	 	1271	1312	1351	1310
517	r	477	518	557	516
948	3	908	949	988	947
1840	ƒ	1800	1841	1880	VUOTO
1908	3	1868	1909	1948	1907
1180	3	1140	1181	1220	1179
1039	 	999	VUOTO	1079	1038
571	T	531	572	611	570
1386	s	1346	1387	1426	1385
1743	 	1703	1744	1783	1742
1978	s	1938	1979	VUOTO	1977
1465	ø	1425	1466	1505	1464
410	s	370	411	450	409
838	!	798	839	878	837
1279	 	1239	VUOTO	1319	1278
122	s	82	123	162	121
886	!	846	887	926	885
452	3	412	453	492	451
792	ƒ	752	793	832	791
857	ø	817	858	897	856
1875	T	1835	1876	1915	1874
1233	ø	1193	1234	1273	1232
438	!	398	439	478	437
1814	!	1774	1815	1854	1813
1795	T	1755	1796	1835	1794
1040	ƒ	1000	1041	1080	VUOTO
1025	ø	985	1026	1065	1024
434	s	394	435	474	433
1131	T	1091	1132	1171	1130
11	T	VUOTO	12	51	10
856	ƒ	816	857	896	855
1874	s	1834	1875	1914	1873
1517	r	1477	1518	1557	1516
489	ø	449	490	529	488
130	s	90	131	170	129
632	ƒ	592	633	672	631
1797	r	1757	1798	1837	1796
943	 	903	944	983	942
1565	r	1525	1566	1605	1564
242	s	202	243	282	241
1626	s	1586	1627	1666	1625
593	ø	553	594	633	592
1241	ø	1201	1242	1281	1240
1064	ƒ	1024	1065	1104	1063
547	T	507	548	587	546
413	r	373	414	453	412
1208	ƒ	1168	1209	1248	1207
840	ƒ	800	841	880	VUOTO
1498	s	1458	1499	1538	1497
977	ø	937	978	1017	976
1526	!	1486	1527	1566	1525
482	s	442	483	522	481
1496	ƒ	1456	1497	1536	1495
880	ƒ	840	881	920	VUOTO
1635	T	1595	1636	1675	1634
1894	!	1854	1895	1934	1893
1472	ƒ	1432	1473	1512	1471
742	!	702	743	782	741
1553	ø	1513	1554	1593	1552
41	ø	1	42	81	40
424	ƒ	384	425	464	423
1850	s	1810	1851	1890	1849
1774	!	1734	1775	1814	1773
1115	T	1075	1116	1155	1114
255	 	215	256	295	254
1715	T	1675	1716	1755	1714
1002	s	962	1003	1042	1001
782	!	742	783	822	781
828	3	788	829	868	827
1809	ø	1769	1810	1849	1808
512	ƒ	472	513	552	511
1138	s	1098	1139	1178	1137
868	3	828	869	908	867
1112	ƒ	1072	1113	1152	1111
596	3	556	597	636	595
1791	 	1751	1792	1831	1790
577	ø	537	578	617	576
988	3	948	989	1028	987
1905	ø	1865	1906	1945	1904
1402	s	1362	1403	1442	1401
1688	ƒ	1648	1689	1728	1687
1570	s	1530	1571	1610	1569
1191	 	1151	1192	1231	1190
1379	T	1339	1380	1419	1378
1008	ƒ	968	1009	1048	1007
459	T	419	460	499	458
1674	s	1634	1675	1714	1673
1380	3	1340	1381	1420	1379
1224	ƒ	1184	1225	1264	1223
1349	r	1309	1350	1389	1348
1711	 	1671	1712	1751	1710
493	r	453	494	533	492
1293	r	1253	1294	1333	1292
445	r	405	446	485	444
268	3	228	269	308	267
775	 	735	776	815	774
1515	T	1475	1516	1555	1514
1137	ø	1097	1138	1177	1136
30	!	VUOTO	31	70	29
631	 	591	632	671	630
1015	 	975	1016	1055	1014
1355	T	1315	1356	1395	1354
649	ø	609	650	689	648
272	ƒ	232	273	312	271
1764	3	1724	1765	1804	1763
1781	r	1741	1782	1821	1780
1766	!	1726	1767	1806	1765
64	ƒ	24	65	104	63
185	ø	145	186	225	184
1048	ƒ	1008	1049	1088	1047
863	 	823	864	903	862
1923	T	1883	1924	1963	1922
1536	ƒ	1496	1537	1576	1535
903	 	863	904	943	902
244	3	204	245	284	243
1087	 	1047	1088	1127	1086
813	r	773	814	853	812
236	3	196	237	276	235
670	!	630	671	710	669
1044	3	1004	1045	1084	1043
1897	ø	1857	1898	1937	1896
1783	 	1743	1784	1823	1782
326	!	286	327	366	325
112	ƒ	72	113	152	111
1101	r	1061	1102	1141	1100
154	s	114	155	194	153
74	s	34	75	114	73
1477	r	1437	1478	1517	1476
1291	T	1251	1292	1331	1290
888	ƒ	848	889	928	887
1197	r	1157	1198	1237	1196
1953	ø	1913	1954	1993	1952
1056	ƒ	1016	1057	1096	1055
685	r	645	686	725	684
924	3	884	925	964	923
62	!	22	63	102	61
1837	r	1797	1838	1877	1836
179	T	139	180	219	178
1338	s	1298	1339	1378	1337
276	3	236	277	316	275
256	ƒ	216	257	296	255
611	T	571	612	651	610
1771	T	1731	1772	1811	1770
1732	3	1692	1733	1772	1731
217	ø	177	218	257	216
417	ø	377	418	457	416
805	r	765	806	845	804
996	3	956	997	1036	995
689	ø	649	690	729	688
465	ø	425	466	505	464
59	T	19	60	99	58
96	ƒ	56	97	136	95
1077	r	1037	1078	1117	1076
442	s	402	443	482	441
32	ƒ	VUOTO	33	72	31
572	3	532	573	612	571
1225	ø	1185	1226	1265	1224
686	!	646	687	726	685
1530	s	1490	1531	1570	1529
1942	!	1902	1943	1982	1941
973	r	933	974	1013	972
997	r	957	998	1037	996
1160	ƒ	1120	1161	1200	VUOTO
1885	r	1845	1886	1925	1884
1162	s	1122	1163	1202	1161
836	3	796	837	876	835
1211	T	1171	1212	1251	1210
1552	ƒ	1512	1553	1592	1551
186	s	146	187	226	185
957	r	917	958	997	956
1222	!	1182	1223	1262	1221
509	r	469	510	549	508
432	ƒ	392	433	472	431
1418	s	1378	1419	1458	1417
1720	ƒ	1680	1721	1760	VUOTO
1190	!	1150	1191	1230	1189
114	s	74	115	154	113
1669	r	1629	1670	1709	1668
206	!	166	207	246	205
721	ø	681	722	761	720
1118	!	1078	1119	1158	1117
1725	r	1685	1726	1765	1724
19	T	VUOTO	20	59	18
1455	 	1415	1456	1495	1454
1724	3	1684	1725	1764	1723
1648	ƒ	1608	1649	1688	1647
100	3	60	101	140	99
1325	r	1285	1326	1365	1324
1240	ƒ	1200	1241	1280	VUOTO
967	 	927	968	1007	966
960	ƒ	920	961	1000	VUOTO
1250	s	1210	1251	1290	1249
280	ƒ	240	281	320	VUOTO
1203	T	1163	1204	1243	1202
1826	s	1786	1827	1866	1825
421	r	381	422	461	420
1429	r	1389	1430	1469	1428
1471	 	1431	1472	1511	1470
1430	!	1390	1431	1470	1429
1523	T	1483	1524	1563	1522
1686	!	1646	1687	1726	1685
784	ƒ	744	785	824	783
1710	!	1670	1711	1750	1709
390	!	350	391	430	389
1999	 	1959	VUOTO	VUOTO	1998
368	ƒ	328	369	408	367
1819	T	1779	1820	1859	1818
1876	3	1836	1877	1916	1875
1022	!	982	1023	1062	1021
1822	!	1782	1823	1862	1821
1579	T	1539	1580	1619	1578
1218	s	1178	1219	1258	1217
971	T	931	972	1011	970
1364	3	1324	1365	1404	1363
117	r	77	118	157	116
822	!	782	823	862	821
1419	T	1379	1420	1459	1418
1000	ƒ	960	1001	1040	VUOTO
1333	r	1293	1334	1373	1332
233	ø	193	234	273	232
1201	ø	1161	1202	1241	1200
380	3	340	381	420	379
457	ø	417	458	497	456
540	3	500	541	580	539
1254	!	1214	1255	1294	1253
1582	!	1542	1583	1622	1581
749	r	709	750	789	748
832	ƒ	792	833	872	831
1369	ø	1329	1370	1409	1368
1463	 	1423	1464	1503	1462
287	 	247	288	327	286
1629	r	1589	1630	1669	1628
1735	 	1695	1736	1775	1734
882	s	842	883	922	881
313	ø	273	314	353	312
208	ƒ	168	209	248	207
1182	!	1142	1183	1222	1181
1660	3	1620	1661	1700	1659
1560	ƒ	1520	1561	1600	VUOTO
1521	ø	1481	1522	1561	1520
1278	!	1238	1279	1318	1277
1051	T	1011	1052	1091	1050
518	!	478	519	558	517
486	!	446	487	526	485
604	3	564	605	644	603
10	s	VUOTO	11	50	9
726	!	686	727	766	725
1383	 	1343	1384	1423	1382
446	!	406	447	486	445
1697	ø	1657	1698	1737	1696
1632	ƒ	1592	1633	1672	1631
1821	r	1781	1822	1861	1820
1126	!	1086	1127	1166	1125
391	 	351	392	431	390
1340	3	1300	1341	1380	1339
1020	3	980	1021	1060	1019
864	ƒ	824	865	904	863
714	s	674	715	754	713
304	ƒ	264	305	344	303
1572	3	1532	1573	1612	1571
1314	s	1274	1315	1354	1313
15	 	VUOTO	16	55	14
17	ø	VUOTO	18	57	16
885	r	845	886	925	884
1924	3	1884	1925	1964	1923
675	T	635	676	715	674
985	ø	945	986	1025	984
710	!	670	711	750	709
48	ƒ	8	49	88	47
692	3	652	693	732	691
1315	T	1275	1316	1355	1314
634	s	594	635	674	633
820	3	780	821	860	819
1816	ƒ	1776	1817	1856	1815
558	!	518	559	598	557
1219	T	1179	1220	1259	1218
1216	ƒ	1176	1217	1256	1215
599	 	559	VUOTO	639	598
447	 	407	448	487	446
1282	s	1242	1283	1322	1281
1495	 	1455	1496	1535	1494
932	3	892	933	972	931
327	 	287	328	367	326
1976	ƒ	1936	1977	VUOTO	1975
904	ƒ	864	905	944	903
1912	ƒ	1872	1913	1952	1911
171	T	131	172	211	170
1038	!	998	1039	1078	1037
1312	ƒ	1272	1313	1352	1311
1673	ø	1633	1674	1713	1672
624	ƒ	584	625	664	623
1502	!	1462	1503	1542	1501
1773	r	1733	1774	1813	1772
777	ø	737	778	817	776
507	T	467	508	547	506
222	!	182	223	262	221
1760	ƒ	1720	1761	1800	VUOTO
1698	s	1658	1699	1738	1697
1548	3	1508	1549	1588	1547
1466	s	1426	1467	1506	1465
1644	3	1604	1645	1684	1643
226	s	186	227	266	225
934	!	894	935	974	933
1983	 	1943	1984	VUOTO	1982
1928	ƒ	1888	1929	1968	1927
4	3	VUOTO	5	44	3
49	ø	9	50	89	48
1166	!	1126	1167	1206	1165
1519	 	1479	VUOTO	1559	1518
1093	r	1053	1094	1133	1092
1228	3	1188	1229	1268	1227
286	!	246	287	326	285
137	ø	97	138	177	136
1264	ƒ	1224	1265	1304	1263
725	r	685	726	765	724
1708	3	1668	1709	1748	1707
1939	T	1899	1940	1979	1938
1049	ø	1009	1050	1089	1048
1167	 	1127	1168	1207	1166
314	s	274	315	354	313
1606	!	1566	1607	1646	1605
1130	s	1090	1131	1170	1129
1971	T	1931	1972	VUOTO	1970
174	!	134	175	214	173
923	T	883	924	963	922
858	s	818	859	898	857
972	3	932	973	1012	971
1598	!	1558	1599	1638	1597
1415	 	1375	1416	1455	1414
1864	ƒ	1824	1865	1904	1863
1398	!	1358	1399	1438	1397
428	3	388	429	468	427
1675	T	1635	1676	1715	1674
1189	r	1149	1190	1229	1188
983	 	943	984	1023	982
384	ƒ	344	385	424	383
1742	!	1702	1743	1782	1741
1072	ƒ	1032	1073	1112	1071
708	3	668	709	748	707
785	ø	745	786	825	784
1460	3	1420	1461	1500	1459
1651	T	1611	1652	1691	1650
1318	!	1278	1319	1358	1317
264	ƒ	224	265	304	263
168	ƒ	128	169	208	167
1230	!	1190	1231	1270	1229
1493	r	1453	1494	1533	1492
918	!	878	919	958	917
1755	T	1715	1756	1795	1754
892	3	852	893	932	891
1303	 	1263	1304	1343	1302
872	ƒ	832	873	912	871
210	s	170	211	250	209
462	!	422	463	502	461
837	r	797	838	877	836
1024	ƒ	984	1025	1064	1023
1354	s	1314	1355	1394	1353
1769	ø	1729	1770	1809	1768
389	r	349	390	429	388
411	T	371	412	451	410
1623	 	1583	1624	1663	1622
153	ø	113	154	193	152
740	3	700	741	780	739
1014	!	974	1015	1054	1013
1359	 	1319	VUOTO	1399	1358
235	T	195	236	275	234
1492	3	1452	1493	1532	1491
627	T	587	628	667	626
1613	r	1573	1614	1653	1612
525	r	485	526	565	524
1532	3	1492	1533	1572	1531
1085	r	1045	1086	1125	1084
722	s	682	723	762	721
861	r	821	862	901	860
580	3	540	581	620	579
1353	ø	1313	1354	1393	1352
1796	3	1756	1797	1836	1795
478	!	438	479	518	477
1998	!	1958	1999	VUOTO	1997
966	!	926	967	1006	965
1037	r	997	1038	1077	1036
158	!	118	159	198	157
1967	 	1927	1968	VUOTO	1966
302	!	262	303	342	301
1780	3	1740	1781	1820	1779
329	ø	289	330	369	328
138	s	98	139	178	137
1470	!	1430	1471	1510	1469
835	T	795	836	875	834
1690	s	1650	1691	1730	1689
1757	r	1717	1758	1797	1756
737	ø	697	738	777	736
1645	r	1605	1646	1685	1644
1852	3	1812	1853	1892	1851
1972	3	1932	1973	VUOTO	1971
12	3	VUOTO	13	52	11
1633	ø	1593	1634	1673	1632
1424	ƒ	1384	1425	1464	1423
1165	r	1125	1166	1205	1164
1676	3	1636	1677	1716	1675
563	T	523	564	603	562
221	r	181	222	261	220
1703	 	1663	1704	1743	1702
735	 	695	736	775	734
1116	3	1076	1117	1156	1115
71	 	31	72	111	70
6	!	VUOTO	7	46	5
1608	ƒ	1568	1609	1648	1607
480	ƒ	440	481	520	VUOTO
759	 	719	VUOTO	799	758
1761	ø	1721	1762	1801	1760
474	s	434	475	514	473
1011	T	971	1012	1051	1010
1963	T	1923	1964	VUOTO	1962
660	3	620	661	700	659
1853	r	1813	1854	1893	1852
613	r	573	614	653	612
1829	r	1789	1830	1869	1828
1843	T	1803	1844	1883	1842
979	T	939	980	1019	978
1643	T	1603	1644	1683	1642
753	ø	713	754	793	752
731	T	691	732	771	730
917	r	877	918	957	916
1322	s	1282	1323	1362	1321
1752	ƒ	1712	1753	1792	1751
1065	ø	1025	1066	1105	1064
1432	ƒ	1392	1433	1472	1431
1100	3	1060	1101	1140	1099
557	r	517	558	597	556
674	s	634	675	714	673
342	!	302	343	382	341
788	3	748	789	828	787
1531	T	1491	1532	1571	1530
440	ƒ	400	441	480	VUOTO
601	ø	561	602	641	600
626	s	586	627	666	625
173	r	133	174	213	172
1327	 	1287	1328	1367	1326
146	s	106	147	186	145
981	r	941	982	1021	980
120	ƒ	80	121	160	VUOTO
81	ø	41	82	121	80
1257	ø	1217	1258	1297	1256
1127	 	1087	1128	1167	1126
1873	ø	1833	1874	1913	1872
104	ƒ	64	105	144	103
978	s	938	979	1018	977
750	!	710	751	790	749
1451	T	1411	1452	1491	1450
1004	3	964	1005	1044	1003
338	s	298	339	378	337
83	T	43	84	123	82
1068	3	1028	1069	1108	1067
116	3	76	117	156	115
392	ƒ	352	393	432	391
1904	ƒ	1864	1905	1944	1903
426	s	386	427	466	425
295	 	255	296	335	294
515	T	475	516	555	514
393	ø	353	394	433	392
1718	!	1678	1719	1758	1717
1482	s	1442	1483	1522	1481
94	!	54	95	134	93
271	 	231	272	311	270
1005	r	965	1006	1045	1004
1393	ø	1353	1394	1433	1392
1707	T	1667	1708	1747	1706
1249	ø	1209	1250	1289	1248
1392	ƒ	1352	1393	1432	1391
1360	ƒ	1320	1361	1400	VUOTO
106	s	66	107	146	105
1198	!	1158	1199	1238	1197
845	r	805	846	885	844
332	3	292	333	372	331
135	 	95	136	175	134
1664	ƒ	1624	1665	1704	1663
1253	r	1213	1254	1293	1252
673	ø	633	674	713	672
581	r	541	582	621	580
1341	r	1301	1342	1381	1340
846	!	806	847	886	845
1175	 	1135	1176	1215	1174
871	 	831	872	911	870
1459	T	1419	1460	1499	1458
1248	ƒ	1208	1249	1288	1247
963	T	923	964	1003	962
1481	ø	1441	1482	1521	1480
1099	T	1059	1100	1139	1098
1868	3	1828	1869	1908	1867
1365	r	1325	1366	1405	1364
1599	 	1559	VUOTO	1639	1598
1277	r	1237	1278	1317	1276
44	3	4	45	84	43
791	 	751	792	831	790
1186	s	1146	1187	1226	1185
693	r	653	694	733	692
1619	T	1579	1620	1659	1618
651	T	611	652	691	650
91	T	51	92	131	90
907	T	867	908	947	906
181	r	141	182	221	180
991	 	951	992	1031	990
940	3	900	941	980	939
812	3	772	813	852	811
666	s	626	667	706	665
1406	!	1366	1407	1446	1405
823	 	783	824	863	822
356	3	316	357	396	355
1276	3	1236	1277	1316	1275
743	 	703	744	783	742
1737	ø	1697	1738	1777	1736
757	r	717	758	797	756
1154	s	1114	1155	1194	1153
318	!	278	319	358	317
703	 	663	704	743	702
779	T	739	780	819	778
316	3	276	317	356	315
1274	s	1234	1275	1314	1273
1544	ƒ	1504	1545	1584	1543
1656	ƒ	1616	1657	1696	1655
647	 	607	648	687	646
259	T	219	260	299	258
58	s	18	59	98	57
1704	ƒ	1664	1705	1744	1703
1529	ø	1489	1530	1569	1528
1997	r	1957	1998	VUOTO	1996
1663	 	1623	1664	1703	1662
439	 	399	VUOTO	479	438
1367	 	1327	1368	1407	1366
1520	ƒ	1480	1521	1560	VUOTO
175	 	135	176	215	174
1689	ø	1649	1690	1729	1688
1242	s	1202	1243	1282	1241
501	r	461	502	541	500
1671	 	1631	1672	1711	1670
1329	ø	1289	1330	1369	1328
1658	s	1618	1659	1698	1657
1831	 	1791	1832	1871	1830
1893	r	1853	1894	1933	1892
227	T	187	228	267	226
855	 	815	856	895	854
1839	 	1799	VUOTO	1879	1838
573	r	533	574	613	572
1	ø	VUOTO	2	41	0
931	T	891	932	971	930
70	!	30	71	110	69
776	ƒ	736	777	816	775
9	ø	VUOTO	10	49	8
1968	ƒ	1928	1969	VUOTO	1967
1680	ƒ	1640	1681	1720	VUOTO
1511	 	1471	1512	1551	1510
811	T	771	812	851	810
1609	ø	1569	1610	1649	1608
331	T	291	332	371	330
526	!	486	527	566	525
684	3	644	685	724	683
1426	s	1386	1427	1466	1425
92	3	52	93	132	91
33	ø	VUOTO	34	73	32
1577	ø	1537	1578	1617	1576
999	 	959	VUOTO	1039	998
1549	r	1509	1550	1589	1548
466	s	426	467	506	465
1043	T	1003	1044	1083	1042
1120	ƒ	1080	1121	1160	VUOTO
1989	r	1949	1990	VUOTO	1988
1306	s	1266	1307	1346	1305
444	3	404	445	484	443
1662	!	1622	1663	1702	1661
1133	r	1093	1134	1173	1132
170	s	130	171	210	169
429	r	389	430	469	428
1453	r	1413	1454	1493	1452
1410	s	1370	1411	1450	1409
355	T	315	356	395	354
1310	!	1270	1311	1350	1309
1324	3	1284	1325	1364	1323
817	ø	777	818	857	816
898	s	858	899	938	897
1949	r	1909	1950	1989	1948
51	T	11	52	91	50
220	3	180	221	260	219
1507	T	1467	1508	1547	1506
1739	T	1699	1740	1779	1738
956	3	916	957	996	955
73	ø	33	74	113	72
46	!	6	47	86	45
1823	 	1783	1824	1863	1822
68	3	28	69	108	67
1390	!	1350	1391	1430	1389
1802	s	1762	1803	1842	1801
545	ø	505	546	585	544
1753	ø	1713	1754	1793	1752
1029	r	989	1030	1069	1028
902	!	862	903	942	901
533	r	493	534	573	532
134	!	94	135	174	133
706	s	666	707	746	705
645	r	605	646	685	644
628	3	588	629	668	627
1547	T	1507	1548	1587	1546
1962	s	1922	1963	VUOTO	1961
1801	ø	1761	1802	1841	1800
1326	!	1286	1327	1366	1325
1339	T	1299	1340	1379	1338
349	r	309	350	389	348
1584	ƒ	1544	1585	1624	1583
344	ƒ	304	345	384	343
1456	ƒ	1416	1457	1496	1455
814	!	774	815	854	813
352	ƒ	312	353	392	351
575	 	535	576	615	574
205	r	165	206	245	204
519	 	479	VUOTO	559	518
1808	ƒ	1768	1809	1848	1807
854	!	814	855	894	853
867	T	827	868	907	866
279	 	239	VUOTO	319	278
1883	T	1843	1884	1923	1882
436	3	396	437	476	435
483	T	443	484	523	482
1889	ø	1849	1890	1929	1888
1655	 	1615	1656	1695	1654
1057	ø	1017	1058	1097	1056
248	ƒ	208	249	288	247
1926	!	1886	1927	1966	1925
754	s	714	755	794	753
1705	ø	1665	1706	1745	1704
702	!	662	703	742	701
939	T	899	940	979	938
1467	T	1427	1468	1507	1466
1748	3	1708	1749	1788	1747
763	T	723	764	803	762
1265	ø	1225	1266	1305	1264
1295	 	1255	1296	1335	1294
199	 	159	VUOTO	239	198
53	r	13	54	93	52
291	T	251	292	331	290
330	s	290	331	370	329
23	 	VUOTO	24	63	22
1153	ø	1113	1154	1193	1152
758	!	718	759	798	757
36	3	VUOTO	37	76	35
920	ƒ	880	921	960	VUOTO
781	r	741	782	821	780
1545	ø	1505	1546	1585	1544
841	ø	801	842	881	840
629	r	589	630	669	628
949	r	909	950	989	948
1428	3	1388	1429	1468	1427
590	!	550	591	630	589
475	T	435	476	515	474
1195	T	1155	1196	1235	1194
224	ƒ	184	225	264	223
22	!	VUOTO	23	62	21
288	ƒ	248	289	328	287
513	ø	473	514	553	512
460	3	420	461	500	459
773	r	733	774	813	772
1946	s	1906	1947	1986	1945
1012	3	972	1013	1052	1011
1491	T	1451	1492	1531	1490
1615	 	1575	1616	1655	1614
1913	ø	1873	1914	1953	1912
305	ø	265	306	345	304
162	s	122	163	202	161
1027	T	987	1028	1067	1026
1678	!	1638	1679	1718	1677
783	 	743	784	823	782
1961	ø	1921	1962	VUOTO	1960
1636	3	1596	1637	1676	1635
1499	T	1459	1500	1539	1498
1726	!	1686	1727	1766	1725
328	ƒ	288	329	368	327
1987	T	1947	1988	VUOTO	1986
751	 	711	752	791	750
1854	!	1814	1855	1894	1853
1900	3	1860	1901	1940	1899
26	s	VUOTO	27	66	25
190	!	150	191	230	189
388	3	348	389	428	387
1292	3	1252	1293	1332	1291
1352	ƒ	1312	1353	1392	1351
25	ø	VUOTO	26	65	24
87	 	47	88	127	86
810	s	770	811	850	809
650	s	610	651	690	649
1129	ø	1089	1130	1169	1128
1271	 	1231	1272	1311	1270
1918	!	1878	1919	1958	1917
464	ƒ	424	465	504	463
90	s	50	91	130	89
1776	ƒ	1736	1777	1816	1775
1932	3	1892	1933	1972	1931
1114	s	1074	1115	1154	1113
890	s	850	891	930	889
847	 	807	848	887	846
1723	T	1683	1724	1763	1722
1556	3	1516	1557	1596	1555
219	T	179	220	259	218
1285	r	1245	1286	1325	1284
1414	!	1374	1415	1454	1413
35	T	VUOTO	36	75	34
283	T	243	284	323	282
1639	 	1599	VUOTO	1679	1638
1964	3	1924	1965	VUOTO	1963
1951	 	1911	1952	1991	1950
1945	ø	1905	1946	1985	1944
1135	 	1095	1136	1175	1134
502	!	462	503	542	501
1019	T	979	1020	1059	1018
1213	r	1173	1214	1253	1212
1266	s	1226	1267	1306	1265
1830	!	1790	1831	1870	1829
1944	ƒ	1904	1945	1984	1943
1461	r	1421	1462	1501	1460
1872	ƒ	1832	1873	1912	1871
212	3	172	213	252	211
362	s	322	363	402	361
229	r	189	230	269	228
1948	3	1908	1949	1988	1947
60	3	20	61	100	59
1105	ø	1065	1106	1145	1104
1594	s	1554	1595	1634	1593
1298	s	1258	1299	1338	1297
422	!	382	423	462	421
909	r	869	910	949	908
1886	!	1846	1887	1926	1885
79	 	39	VUOTO	119	78
1405	r	1365	1406	1445	1404
1444	3	1404	1445	1484	1443
1694	!	1654	1695	1734	1693
1478	!	1438	1479	1518	1477
197	r	157	198	237	196
1845	r	1805	1846	1885	1844
1588	3	1548	1589	1628	1587
1687	 	1647	1688	1727	1686
700	3	660	701	740	699
897	ø	857	898	937	896
578	s	538	579	618	577
1448	ƒ	1408	1449	1488	1447
361	ø	321	362	401	360
319	 	279	VUOTO	359	318
1920	ƒ	1880	1921	1960	VUOTO
806	!	766	807	846	805
67	T	27	68	107	66
723	T	683	724	763	722
1013	r	973	1014	1053	1012
1947	T	1907	1948	1987	1946
681	ø	641	682	721	680
1730	s	1690	1731	1770	1729
1395	T	1355	1396	1435	1394
889	ø	849	890	929	888
371	T	331	372	411	370
1302	!	1262	1303	1342	1301
514	s	474	515	554	513
1134	!	1094	1135	1174	1133
240	ƒ	200	241	280	VUOTO
350	!	310	351	390	349
1267	T	1227	1268	1307	1266
258	s	218	259	298	257
306	s	266	307	346	305
485	r	445	486	525	484
14	!	VUOTO	15	54	13
1449	ø	1409	1450	1489	1448
294	!	254	295	334	293
873	ø	833	874	913	872
1445	r	1405	1446	1485	1444
976	ƒ	936	977	1016	975
827	T	787	828	867	826
458	s	418	459	498	457
644	3	604	645	684	643
468	3	428	469	508	467
487	 	447	488	527	486
1794	s	1754	1795	1834	1793
1587	T	1547	1588	1627	1586
1559	 	1519	VUOTO	1599	1558
1258	s	1218	1259	1298	1257
1396	3	1356	1397	1436	1395
1384	ƒ	1344	1385	1424	1383
1368	ƒ	1328	1369	1408	1367
1244	3	1204	1245	1284	1243
1187	T	1147	1188	1227	1186
927	 	887	928	967	926
1509	r	1469	1510	1549	1508
729	ø	689	730	769	728
450	s	410	451	490	449
141	r	101	142	181	140
1035	T	995	1036	1075	1034
535	 	495	536	575	534
1347	T	1307	1348	1387	1346
1828	3	1788	1829	1868	1827
467	T	427	468	507	466
568	ƒ	528	569	608	567
787	T	747	788	827	786
1768	ƒ	1728	1769	1808	1767
1736	ƒ	1696	1737	1776	1735
437	r	397	438	477	436
1256	ƒ	1216	1257	1296	1255
1438	!	1398	1439	1478	1437
1803	T	1763	1804	1843	1802
1880	ƒ	1840	1881	1920	VUOTO
1745	ø	1705	1746	1785	1744
1767	 	1727	1768	1807	1766
1330	s	1290	1331	1370	1329
265	ø	225	266	305	264
1785	ø	1745	1786	1825	1784
47	 	7	48	87	46
144	ƒ	104	145	184	143
652	3	612	653	692	651
1995	T	1955	1996	VUOTO	1994
260	3	220	261	300	259
223	 	183	224	263	222
77	r	37	78	117	76
1747	T	1707	1748	1787	1746
1319	 	1279	VUOTO	1359	1318
298	s	258	299	338	297
1141	r	1101	1142	1181	1140
1007	 	967	1008	1047	1006
395	T	355	396	435	394
614	!	574	615	654	613
1790	!	1750	1791	1830	1789
760	ƒ	720	761	800	VUOTO
1866	s	1826	1867	1906	1865
1122	s	1082	1123	1162	1121
1067	T	1027	1068	1107	1066
1561	ø	1521	1562	1601	1560
1956	3	1916	1957	1996	1955
1207	 	1167	1208	1247	1206
849	ø	809	850	889	848
1756	3	1716	1757	1796	1755
1440	ƒ	1400	1441	1480	VUOTO
1935	 	1895	1936	1975	1934
1921	ø	1881	1922	1961	1920
21	r	VUOTO	22	61	20
1620	3	1580	1621	1660	1619
1376	ƒ	1336	1377	1416	1375
576	ƒ	536	577	616	575
887	 	847	888	927	886
1881	ø	1841	1882	1921	1880
16	ƒ	VUOTO	17	56	15
713	ø	673	714	753	712
789	r	749	790	829	788
962	s	922	963	1002	961
455	 	415	456	495	454
61	r	21	62	101	60
1356	3	1316	1357	1396	1355
1535	 	1495	1536	1575	1534
766	!	726	767	806	765
1084	3	1044	1085	1124	1083
250	s	210	251	290	249
1677	r	1637	1678	1717	1676
1542	!	1502	1543	1582	1541
800	ƒ	760	801	840	VUOTO
597	r	557	598	637	596
1139	T	1099	1140	1179	1138
1824	ƒ	1784	1825	1864	1823
848	ƒ	808	849	888	847
1890	s	1850	1891	1930	1889
172	3	132	173	212	171
1334	!	1294	1335	1374	1333
278	!	238	279	318	277
477	r	437	478	517	476
1981	r	1941	1982	VUOTO	1980
1679	 	1639	VUOTO	1719	1678
1501	r	1461	1502	1541	1500
569	ø	529	570	609	568
245	r	205	246	285	244
1592	ƒ	1552	1593	1632	1591
202	s	162	203	242	201
570	s	530	571	610	569
1194	s	1154	1195	1234	1193
1604	3	1564	1605	1644	1603
636	3	596	637	676	635
598	!	558	599	638	597
396	3	356	397	436	395
1409	ø	1369	1410	1449	1408
209	ø	169	210	249	208
1733	r	1693	1734	1773	1732
1652	3	1612	1653	1692	1651
1855	 	1815	1856	1895	1854
231	 	191	232	271	230
584	ƒ	544	585	624	583
1275	T	1235	1276	1315	1274
538	s	498	539	578	537
1261	r	1221	1262	1301	1260
351	 	311	352	391	350
56	ƒ	16	57	96	55
1125	r	1085	1126	1165	1124
744	ƒ	704	745	784	743
1979	T	1939	1980	VUOTO	1978
531	T	491	532	571	530
815	 	775	816	855	814
1210	s	1170	1211	1250	1209
1789	r	1749	1790	1829	1788
1091	T	1051	1092	1131	1090
821	r	781	822	861	820
1573	r	1533	1574	1613	1572
1818	s	1778	1819	1858	1817
745	ø	705	746	785	744
1350	!	1310	1351	1390	1349
1957	r	1917	1958	1997	1956
1280	ƒ	1240	1281	1320	VUOTO
765	r	725	766	805	764
454	!	414	455	494	453
1185	ø	1145	1186	1225	1184
1882	s	1842	1883	1922	1881
400	ƒ	360	401	440	VUOTO
1050	s	1010	1051	1090	1049
1332	3	1292	1333	1372	1331
1094	!	1054	1095	1134	1093
866	s	826	867	906	865
1641	ø	1601	1642	1681	1640
406	!	366	407	446	405
336	ƒ	296	337	376	335
1457	ø	1417	1458	1497	1456
1061	r	1021	1062	1101	1060
425	ø	385	426	465	424
1132	3	1092	1133	1172	1131
435	T	395	436	475	434
1934	!	1894	1935	1974	1933
5	r	VUOTO	6	45	4
1911	 	1871	1912	1951	1910
1284	3	1244	1285	1324	1283
253	r	213	254	293	252
1260	3	1220	1261	1300	1259
1309	r	1269	1310	1349	1308
585	ø	545	586	625	584
941	r	901	942	981	940
1062	!	1022	1063	1102	1061
370	s	330	371	410	369
88	ƒ	48	89	128	87
1173	r	1133	1174	1213	1172
1188	3	1148	1189	1228	1187
1476	3	1436	1477	1516	1475
1081	ø	1041	1082	1121	1080
1568	ƒ	1528	1569	1608	1567
1156	3	1116	1157	1196	1155
1074	s	1034	1075	1114	1073
913	ø	873	914	953	912
431	 	391	432	471	430
129	ø	89	130	169	128
603	T	563	604	643	602
900	3	860	901	940	899
376	ƒ	336	377	416	375
1089	ø	1049	1090	1129	1088
102	!	62	103	142	101
322	s	282	323	362	321
381	r	341	382	421	380
251	T	211	252	291	250
947	T	907	948	987	946
1528	ƒ	1488	1529	1568	1527
108	3	68	109	148	107
441	ø	401	442	481	440
984	ƒ	944	985	1024	983
1558	!	1518	1559	1598	1557
1462	!	1422	1463	1502	1461
1727	 	1687	1728	1767	1726
733	r	693	734	773	732
1884	3	1844	1885	1924	1883
539	T	499	540	579	538
1304	ƒ	1264	1305	1344	1303
1058	s	1018	1059	1098	1057
266	s	226	267	306	265
1581	r	1541	1582	1621	1580
93	r	53	94	133	92
1171	T	1131	1172	1211	1170
1066	s	1026	1067	1106	1065
1042	s	1002	1043	1082	1041
1993	ø	1953	1994	VUOTO	1992
147	T	107	148	187	146
844	3	804	845	884	843
1538	s	1498	1539	1578	1537
1245	r	1205	1246	1285	1244
34	s	VUOTO	35	74	33
1595	T	1555	1596	1635	1594
215	 	175	216	255	214
399	 	359	VUOTO	439	398
1994	s	1954	1995	VUOTO	1993
1168	ƒ	1128	1169	1208	1167
1046	!	1006	1047	1086	1045
1411	T	1371	1412	1451	1410
1813	r	1773	1814	1853	1812
1117	r	1077	1118	1157	1116
1488	ƒ	1448	1489	1528	1487
28	3	VUOTO	29	68	27
1209	ø	1169	1210	1249	1208
715	T	675	716	755	714
1506	s	1466	1507	1546	1505
159	 	119	VUOTO	199	158
1446	!	1406	1447	1486	1445
1901	r	1861	1902	1941	1900
198	!	158	199	238	197
1566	!	1526	1567	1606	1565
1407	 	1367	1408	1447	1406
1996	3	1956	1997	VUOTO	1995
1107	T	1067	1108	1147	1106
1299	T	1259	1300	1339	1298
1420	3	1380	1421	1460	1419
1625	ø	1585	1626	1665	1624
638	!	598	639	678	637
639	 	599	VUOTO	679	638
521	ø	481	522	561	520
1954	s	1914	1955	1994	1953
1305	ø	1265	1306	1345	1304
